17
59
72
28
10
42
14
11
115
89
43
97
23
2
23
7
4
48
45
45
21
39
23
52
16
33
23
10
9
25
28
37
34
26
94
46
10
24
44
55
3
8
10
10
28
1
5
20
35
35
28
2
39
36
0
49
25
12
7
36
35
1
18
35
49
3
48
24
34
75
20
24
6
28
24
45
46
16
6
6
45
9
6
51
26
22
27
8
7
37
37
3
23
83
21
6
3
62
14
57
27
28
3
17
10
19
16
24
55
6
68
27
43
34
31
4
46
63
6
39
93
26
44
34
15
9
35
9
22
66
11
26
50
16
9
1
43
36
11
10
1
8
56
9
27
31
37
17
64
31
17
1
1
26
33
4
23
43
7
19
9
27
36
81
53
10
40
28
6
25
43
75
46
11
13
14
4
6
15
28
44
15
27
11
18
33
36
40
21
2
6
7
10
1
2
26
49
15
7
20
6
33
30
10
4
16
8
30
5
5
17
54
28
15
23
38
6
9
49
8
34
51
40
7
48
14
5
9
8
14
13
40
30
24
16
10
0
97
15
40
34
30
11
1
6
50
3
51
3
1
23
1
7
14
12
8
65
72
71
11
32
53
19
9
14
53
15
39
2
21
10
35
32
21
8
30
42
30
0
2
29
19
11
40
30
8
22
21
38
52
1
62
33
28
0
2
80
19
70
74
3
30
13
22
27
22
14
3
26
17
29
4
5
32
68
16
41
12
21
26
32
15
4
9
10
13
30
6
68
37
20
39
8
46
1
18
70
36
80
14
45
8
5
24
9
50
15
10
21
3
28
10
25
58
59
19
3
18
4
29
15
4
47
28
25
10
7
34
9
3
47
6
26
3
11
29
9
11
59
33
78
31
10
14
33
60
30
25
28
10
18
10
18
33
29
7
54
19
4
22
9
16
47
33
14
4
36
9
40
15
38
4
21
47
5
26
9
17
10
35
16
6
1
2
20
3
58
10
58
23
17
8
19
19
70
42
46
13
47
10
26
17
34
13
24
49
1
52
14
19
2
65
31
20
2
36
20
8
32
31
21
58
35
6
49
23
19
13
30
10
12
26
26
4
18
13
32
24
21
19
6
10
4
19
33
6
10
8
7
14
20
9
19
3
55
19
24
56
29
28
3
29
6
9
4
14
3
89
37
59
37
35
14
5
7
17
12
24
57
39
41
75
29
59
2
1
71
2
16
8
8
2
19
39
10
43
33
43
13
4
29
10
33
11
32
20
7
28
33
9
14
13
31
10
37
17
31
17
6
31
13
14
64
30
14
21
12
23
45
51
33
47
2
56
5
40
70
11
23
10
13
18
5
52
24
26
17
0
37
0
22
21
28
4
13
28
6
18
22
37
15
45
1
2
54
16
0
29
5
45
33
9
25
18
44
8
26
7
28
65
30
9
21
14
42
13
39
1
19
32
2
19
44
11
6
30
1
61
68
38
32
38
55
9
51
4
25
0
3
12
47
1
31
56
14
52
5
12
7
37
65
76
16
42
20
10
4
23
25
20
21
14
34
21
80
34
37
2
41
12
24
18
18
18
29
13
5
13
30
10
2
42
7
4
37
44
10
8
16
29
61
4
34
7
5
22
18
36
49
35
45
2
13
12
44
25
14
3
33
28
13
11
11
23
10
16
29
39
33
27
6
39
10
103
35
46
32
7
10
62
18
8
50
15
43
1
27
13
22
52
47
66
4
32
38
19
15
28
44
63
13
13
3
16
35
31
18
26
6
16
38
21
11
1
25
50
5
2
38
26
34
24
30
41
16
89
23
25
27
36
46
23
25
10
45
13
30
51
21
68
17
49
7
16
12
13
13
12
19
19
27
59
7
9
21
15
2
30
5
9
13
23
2
59
13
17
29
21
23
17
31
5
9
20
3
17
40
36
32
59
44
2
14
12
33
98
20
9
6
13
45
23
37
19
41
71
18
7
30
3
36
10
38
31
21
39
9
29
9
15
13
16
39
20
2
47
52
63
83
31
8
31
37
18
50
54
14
3
64
27
13
61
13
13
37
20
94
102
107
97
102
97
101
106
101
95
96
99
99
96
101
106
99
99
89
96
93
98
103
108
109
99
98
104
102
104
104
93
103
100
96
97
106
96
94
101
110
100
102
95
108
101
103
95
104
102
94
100
98
101
99
99
95
98
104
109
94
112
108
101
98
97
104
97
98
104
102
104
103
98
97
104
97
106
104
101
100
102
118
99
92
110
103
97
113
103
101
96
95
91
98
95
103
98
109
108
101
99
106
94
103
97
98
97
103
96
95
103
98
102
98
101
87
102
109
105
105
99
101
101
100
96
98
99

